lylat
The Stranger
hannez
Skaery
marklar
Gajusz
DDtective
AFAK
Azatoth
Dreki
[coatl] master.chief
Shinpool
Falken
twitch.tv/Hikikomori523
FanSH
Blind
Sommelier do Final Fantasy
M
KentKareless
Sterbehilfe e.V.
Dargart
Veteranu
Csontzuzo
Valetian
NEX
SuLh ツ
turtleboi
BensoniXXX
Cos
AngelKiller
76561198040600573
76561198402787068
76561197991386429
76561198049305971
76561198025391492
76561198056523764
76561198878330774
76561198048602363
76561197969100147
76561198064776068
76561198037802252
76561198966601457
76561198833431225
76561198060077113
76561198141430837
76561198033263509
76561198219969820
76561198219728397
76561197970634300
76561198055556781
76561198239664996
76561198021045885
76561197997697109
76561197981638563
76561197998281238
76561198043389979
76561198830028453
76561197971973901
76561198031116128
76561198025859378
76561198022558285
76561198098132374
76561198000019714
76561198014505120
76561198261994200
76561198033967307
76561198095695478
76561198118371170
76561198078151039
76561198012557600
76561198132235994
76561198028125071
76561198072365101
76561197978664719
76561198035561313
76561198842269103
76561199223078836
76561198118421272
76561198018420672
76561198204769700
76561198113457184
76561199028624513
76561198044213974
76561198003319092
76561198061450910
76561197962202986
76561198070041813
76561199266591526
76561197960560399
76561199082717233
76561198042619868
76561197960540736
76561198029582429
76561198379085700
76561198353783671
76561197992604678
76561198120188609
76561198300270231
76561197988167503
76561198231952104
76561198061231574
76561198851670847
76561198304962884
76561198157333701
76561197994153029
76561198043141500
76561198035596589
76561198005648447
76561198015749826
76561198172925593
76561198092999304
76561198063348352
76561198185575257
76561198033338283
76561197965037573
76561198349229941
76561198995684278
76561198883222160
76561197999339700
76561197983238303
76561198114461583
76561198360271879
76561199014919980
76561199419240894
76561198162181578
76561198013771109
76561198433683621
76561198115009354
76561198932808065
76561198044242678
76561197966690560
76561198087089368
76561197995828394
76561197969417973
76561198095963544
76561198323009493
76561198081115739
76561199202258624
76561198252070106
76561198043660385
76561198097472223
76561198119027887
76561198236381260
76561198092042574
76561198017268393
76561198022898802
76561198313478285
76561199563581724
76561198036656424
76561198029063515
76561198026221141
76561198000664277
76561198110705434
76561197985841875
76561198011979289
76561197975803093
76561198172679207
76561198281692011
76561198021399988
76561198838850948
76561198067403482
76561198802868807
76561197983791150
76561198027194837
76561199167523581
76561198046642155
76561198021352946
76561199024473554
76561198033808029
76561198051688893
76561198082583197
76561198339608018
76561198831627614
76561197994587079
76561198065285074
76561198040178115
76561198007251408
76561198071286775
76561198094413234
76561198050400683
76561198335061024
76561198052709769
76561198008205565
76561198237059164
76561198113475538
76561198118075697
76561198029138603
76561197970389924
76561198041370513
76561198067242755
76561198044248081
76561199058764085
76561198258735496
76561198041247301
76561197997318138
76561198248912164
76561198353518467
76561198025934385
76561198141687808
76561198034820380
76561197972549747
76561198366526669
76561198279607112
76561198025111129
76561197971341065
76561198051177321
76561198131596463
76561198083787826
76561198072833066
76561197998280696
76561197996964480
76561198144522199
76561198032566197
76561198061477340
76561197992412425
76561198167940370
76561198158764071
76561198075618101
76561198195942877
76561198010999478
76561198000388603
76561198007756906
76561198025136057
76561197993533764
76561198046878168
76561198006544456
76561198182983114
76561197996841694
76561198103698216
76561198125580541
76561197962850521
76561197995281961
76561198197031430
76561198076910910
76561198174102790
76561198289075099
76561198092552368
76561198006766715
76561198032816731
76561198040051009
76561198001585882
76561198018254158
76561199158305270
76561198421725819
76561198135527083
76561198033624455
76561197994575642
76561197976469696
76561198025618418
76561199379150617
76561198099846750
76561197961805932
76561197985235696
76561198066029713
76561198334721230
76561198840301773
76561198067208458
76561199405050653
76561198090080611
76561198132960300
76561198047414009
76561198141150947
76561198014422953
76561198973565938
76561197979667190
76561198081999502
76561197998118312
76561197999498546
76561198344068866
76561198135803470
76561197990481530
76561198015199992
76561198089781514
76561198009332874
76561197966254446
76561198001237877
76561198019699653
76561198000548676
76561197967540452
76561198001046455
76561198275649621
76561198153525620
76561198081008157
76561197962838085
76561197989446733
76561198128578271
76561198027447263
76561198071360124
76561198057078777
76561198451979622
76561198122392573
76561198024926277
76561198053269475
76561198074455203
76561198217979953
76561198132539363
76561198041885150
76561198054004608
76561198083142373
76561197995067822
76561198078599443
76561198341085701
76561197998636677
76561198017478989
76561197997946137
76561197973230221
76561197996171425
76561198040116509
76561198039939843
76561198159216159
76561198054953841
76561198197501918
76561198192656074
76561199022577199
76561198339323993
76561198112873400
76561198072114096
76561198141606941
76561198096172636
76561198075251444
76561198023327915
76561198001187946
76561197995635159
76561198036117725
76561198195549734
76561197992859958
76561198079772364
76561199098768604
76561198000942210
76561197993579927
76561198058291396
76561199160732690
76561198102431897
76561198340066617
76561198879405845
76561198005626447
76561198001873585
76561198080349814
76561198053257454
76561198007004530
76561199257765441
76561198007117802
76561198010824743
76561198971959226
76561198116517331
76561198187410553
76561197988197598
76561198289674193
76561197970368997
76561198048285800
76561198154072402
76561197992344686
76561198838356926
76561198276460951
76561198042773556
76561198049504998
76561199272966668
76561198139425461
76561198000413287
76561198007609033
76561198055626017
76561197976602082
76561198000990053
76561198352272979
76561198201537403
76561198032591844
76561197997763639
76561198322666591
76561197971204006
76561198027401657
76561198004006226
76561198994062628
76561198283224371
76561198995500311
76561198048988066
76561198041298094
76561198060410834
76561198407772607
76561198034096440
76561198040030741
76561197981544032
76561198376997590
76561198015160607
76561198102700771
76561198207088253
76561198043828654
76561198009068649
76561198194452434
76561198245382202
76561198058186502
76561198080380224
76561198843434426
76561198053313257
76561198023116710
76561197980137244
76561199149956287
76561198000783604
76561198042546726
76561198006715571
76561198164382571
76561198062505918
76561198368799839
76561197997112174
76561198045380427
76561198034758692
76561199141671103
76561198059307202
76561198022419587
76561198062876145
76561198062176809
76561198252966674
76561199129718113
76561197998096051
76561198057546935
76561198058416969
76561198030453728
76561198071731888
76561197993918985
76561198137420576
76561198025146852
76561198004594075
76561199208306587
76561198074783710
76561198249024952
76561198049840570
76561197999789443
76561198112943341
76561198056488707
76561198066096133
76561197993279741
76561198005357441
76561198104908083
76561197990233857
76561198133918114
76561197982946417
76561198058825569
76561198061732989
76561198019995760
76561197989485593
76561197980060825
76561198011389008
76561199082405363
76561197997555773
76561198041511398
76561197999659168
76561198145597269
76561198035780173
76561198052680105
76561198057329243
76561197965342588
76561198035013876
76561198165492519
76561198000711279
76561198028766213
76561198162399308
76561198049291468
76561199084727122
76561198012673383
76561198055326676
76561198120468864
76561198021085577
76561198115726808
76561198079664064
76561199006372726
76561198013438847
76561198017636421
76561198040566233
76561198200337814
76561198173819274
76561198102380468
76561197983321989
76561198161507346
76561198036036113
76561197989203587
76561198187763739
76561198161310076
76561198052933734
76561198009474997
76561198043883983
76561198160320827
76561198076917180
76561198007759830
76561198055329996
76561198004532679
76561198083241021
76561198059322225
76561198049211014
76561198096946971
76561198870916350
76561198821184379
76561198101440205
76561198331545758
76561198249392362
76561198023236483
76561198154614286
76561198037051426
76561198025528930
76561199053439300
76561197999301273
76561198113539128
76561198047744978
76561198420718099
76561198067829612
76561198130370824
76561198130822116
76561198063351384
76561197975061147
76561198028776068
76561198041689171
76561198121098268
76561197974925353
76561198088205894
76561198113018420
76561198008411723
76561198244693718
76561198012865143
76561198026716698
76561198057849814
76561198001500827
76561198015859524
76561198350365789
76561198081381929
76561198081219739
76561198125567580
76561198858649255
76561197991020148
76561197994306565
76561198017364796
76561197964153663
76561198032774409
76561198011555553
76561198404991183
76561198021611364
76561198040325477
76561198025769158
76561198017943533
76561198192749406
76561198030797223
76561198067040444
76561198162002377
76561197989350553
76561198019184877
76561198119650667
76561198042746428
76561198091130425
76561198018974513
76561198046724688
76561198059373650
76561198019621629
76561197993209165
76561198169747493
76561198104649691
76561197964914532
76561198013369902
76561198090579455
76561197984735038
76561198441849452
76561198137268758
76561197977010834
76561198172886753
76561198328155784
76561197990561430
76561197972616894
76561199032279097
76561198013762756
76561198013778782
76561197991952668
76561198089139675
76561198113691074
76561197981111953
76561198119149571
76561198345011384
76561198009264395
76561197979803978
76561197995036743
76561198043039350
76561199139776481
76561198065882524
76561198003469036
76561198009506330
76561197998949214
76561198123668345
76561198106533007
76561198050890851
76561197968964766
76561197982617834
76561199176410567
76561198055634739
76561198037034388
76561198039492467
76561198014371287
76561198041891495
76561197979937358
76561197970797915
76561198970881581
76561197961864608
76561198093999461
76561198220532600
76561198842775773
76561197991757040
76561197972319241
76561198003620597
76561198057377987
76561197984240274
76561198085256325
76561198155717509
76561198085462698
76561198338219143
76561198088376963
76561197960284353
76561197993312863
76561198126267465
76561198000000375
76561198051740093
76561198005031515
76561199149568784
76561198170797621
76561197994759988
76561198059898309
76561198112672661
76561198105829828
76561198041818023
76561198096609152
76561198035599199
76561198991688065
76561197964134665
76561198350679649
76561197996943649
76561198119151368
76561198319979815
76561198070981577
76561198022564688
76561198167140859
76561198082174184
76561197980773392
76561198010776633
76561199383273506
76561198062001554
76561198402675126
76561198139168287
76561199230714092
76561198013831154
76561198043329575
76561198025038660
76561198065617084
76561198028138781
76561197960643486
76561198168716605
76561198930062387
76561198046621479
76561197970812258
76561198293803576
76561197987200043
76561198056675549
76561198059064155
76561198029262157
76561197990380134
76561198063336990
76561198214226912
76561198048101122
76561198074659843
76561198041625770
76561198073291457
76561198052892994
76561197971953588
76561198072011727
76561198024038675
76561198125215874
76561198067111840
76561198043061163
76561198024589732
76561198022410857
76561197970672461
76561197997788394
76561198000344221
76561198125238941
76561198136969425
76561199148649663
76561198044229474
76561198003510212
76561198078497262
76561199095338189
76561198037651453
76561198320024131
76561198092660310
76561198029511444
76561198025722208
76561198274950775
76561198039417534
76561198024848737
76561198064156780
76561198218550651
76561198172732434
76561198089370918
76561198028922089
76561197990274126
76561199211557369
76561198032404863
76561198004859223
76561198002555892
76561197990795141
76561198300298245
76561197991361144
76561198118069340
76561198805545355
76561197967055456
76561198009389244
76561197979911851
76561198263581060
76561198075798822
76561198015227194
76561198024146297
76561198018893258
76561198033887955
76561198108637500
76561198006771133
76561198297994121
76561198361957406
76561198052638044
76561198003013967
76561198333940820
76561198087088306
76561198099760720
76561198101049562
76561198878464160
76561198123225418
76561198073789253
76561198027902698
76561198025223542
76561198120120518
76561198162235689
76561198030273896
76561198040727838
76561198044653524
76561198098080821
76561198144804864
76561199499739441
76561198039198161
76561198121398682
76561198029967515
76561197994770037
76561198058540668
76561198027904347
76561198030919011
76561197996314287
76561198016344025
76561198022004891
76561198444897100
76561197996848334
76561199182283731
76561198039115575
76561197986952100
76561198043898087
76561197992120220
76561197992624948
76561198031843021
76561198081257465
76561198001218206
76561198043720348
76561198048360914
76561197985762644
76561198220197145
76561198179140334
76561198095241695
76561198018574352
76561197972542742
76561198026466406
76561198143822473
76561197981805143
76561197985000161
76561198007802153
76561198038685175
76561197991916142
76561198254624748
76561198063019913
76561198401907532
76561197968257061
76561197979215168
76561198832769005
76561198068032550
76561198020051378
76561198061023307
76561198056047449
76561197991991520
76561198031595294
76561197985269540
76561198039031448
76561198337616494
76561198104056525
76561198015904504
76561198097498028
76561197993745077
76561198025257831
76561198280830500
76561198137376448
76561198390193221
76561198025220570
76561197996129064
76561198121491838
76561198045737785
76561197980206308
76561198438963871
76561198058781656
76561198052117667
76561198081991716
76561198021450844
76561198033175750
76561198046242117
76561198117867181
76561197995443256
76561198001559322
76561198074084926
76561197961621019
76561197979084213
76561198031256782
76561198068270261
76561198021536460
76561198102302761
76561198352257506
76561198036717574
76561198102339835
76561198001575490
76561198101578868
76561198213991549
76561197981933557
76561198099778282
76561198066202521
76561198104327349
76561197996741382
76561198008191980
76561198116211741
76561198174770271
76561198011316337
76561198058644382
76561198002839561
76561198101147520
76561198066148879
76561197985304107
76561198021421701
76561198146555765
76561198036468361
76561198061496769
76561197995594353
76561197970483375
76561198003093454
76561198403112335
76561198073095441
76561198259048199
76561198061967171
76561197960845685
76561197970908540
76561198079293606
76561197979091641
76561197973883957
76561197999351282
76561198018016339
76561198046809398
76561198046155690
76561197978114813
76561198331045844
76561197981168581
76561198273331891
76561198037810147
76561198346569494
76561197992216244
76561198059689082
76561198143892061
76561198024090321
76561198374087578
76561197993342347
76561198025802185
76561198076279360
76561198337904560
76561197999482580
76561198352269269
76561197991141199
76561198035848155
76561198039228736
76561197979681767
76561198203918620
76561198331555490
76561198163122564
76561197991213990
76561198163759050
76561198077147190
76561198150023286
76561198092017683
76561198969624940
76561198046588672
76561199090560394
76561197968349152
76561198143798336
76561197980146038
76561198048672627
76561198014470876
76561198041091651
76561197987755816
76561198021038522
76561198042395850
76561197994751517
76561198093507478
76561198050377010
76561198046680021
76561198055645163
76561198010287383
76561199528084889
76561198153532870
76561198014845823
76561197995866199
76561198040161412
76561198007285036
76561198108852006
76561198310288735
76561198026797849
76561198047040565
76561197993922006
76561198077201537
76561198040923840
76561198049304391
76561198067038019
76561197999392948
76561199175213845
76561198372693405
76561197965388486
76561198016019048
76561197996022254
76561198032100937
76561197960372316
76561198038632029
76561198030926535
76561198083915913
76561198025105233
76561199026096854
76561198040634795
76561198039504147
76561197987013547
76561198300522897
76561197972049382
76561197972651946
76561198012616627
76561198079972348
76561198027890302
76561198016760381
76561198023794868
76561198047463015
76561198139084236
76561198017401678
76561198046978149
76561198046730114
76561198031384653
76561197996990109
76561198040776450
76561198074530183
76561197982507630
76561198090268928
76561197991082849
76561198095881443
76561198069635016
76561198070301626
76561198304311704
76561198003438389
76561198141600490
76561197972087465
76561198957189294
76561198241894182
76561197960660836
76561197981690710
76561198340310727
76561198059395340
76561198023114147
76561198351577048
76561197991715731
76561198001387731
76561198050615194
76561199152744536
76561198005079446
76561197990220861
76561198034118715
76561197998355215
76561198192720866
76561198068808409
76561197994617782
76561197994164612
76561198081451710
76561198051745012
76561198080888052
76561198078135928
76561198170269198
76561198890152890
76561198059971262
76561197973373731
76561198141651090
76561198000619480
76561198031313794
76561198063529161
76561198018235180
76561198025778432
76561197971320635
76561198355898324
76561197994014911
